0.000000,5.000000
0.010000,4.975000
0.020000,4.950125
0.030000,4.925374
0.040000,4.900748
0.050000,4.876244
0.060000,4.851863
0.070000,4.827603
0.080000,4.803465
0.090000,4.779448
0.100000,4.755551
0.110000,4.731773
0.120000,4.708114
0.130000,4.684573
0.140000,4.661151
0.150000,4.637845
0.160000,4.614656
0.170000,4.591582
0.180000,4.568624
0.190000,4.545781
0.200000,4.523052
0.210000,4.500437
0.220000,4.477935
0.230000,4.455545
0.240000,4.433268
0.250000,4.411101
0.260000,4.389046
0.270000,4.367100
0.280000,4.345265
0.290000,4.323539
0.300000,4.301921
0.310000,4.280411
0.320000,4.259009
0.330000,4.237714
0.340000,4.216526
0.350000,4.195443
0.360000,4.174466
0.370000,4.153594
0.380000,4.132826
0.390000,4.112161
0.400000,4.091601
0.410000,4.071143
0.420000,4.050787
0.430000,4.030533
0.440000,4.010380
0.450000,3.990328
0.460000,3.970377
0.470000,3.950525
0.480000,3.930772
0.490000,3.911118
0.500000,3.891563
0.510000,3.872105
0.520000,3.852744
0.530000,3.833481
0.540000,3.814313
0.550000,3.795242
0.560000,3.776266
0.570000,3.757384
0.580000,3.738597
0.590000,3.719904
0.600000,3.701305
0.610000,3.682798
0.620000,3.664384
0.630000,3.646062
0.640000,3.627832
0.650000,3.609693
0.660000,3.591644
0.670000,3.573686
0.680000,3.555818
0.690000,3.538039
0.700000,3.520348
0.710000,3.502747
0.720000,3.485233
0.730000,3.467807
0.740000,3.450468
0.750000,3.433215
0.760000,3.416049
0.770000,3.398969
0.780000,3.381974
0.790000,3.365064
0.800000,3.348239
0.810000,3.331498
0.820000,3.314840
0.830000,3.298266
0.840000,3.281775
0.850000,3.265366
0.860000,3.249039
0.870000,3.232794
0.880000,3.216630
0.890000,3.200547
0.900000,3.184544
0.910000,3.168621
0.920000,3.152778
0.930000,3.137014
0.940000,3.121329
0.950000,3.105723
0.960000,3.090194
0.970000,3.074743
0.980000,3.059369
0.990000,3.044073
1.000000,3.028852
1.010000,3.013708
1.020000,2.998639
1.030000,2.983646
1.040000,2.968728
1.050000,2.953884
1.060000,2.939115
1.070000,2.924419
1.080000,2.909797
1.090000,2.895248
1.100000,2.880772
1.110000,2.866368
1.120000,2.852036
1.130000,2.837776
1.140000,2.823587
1.150000,2.809469
1.160000,2.795422
1.170000,2.781445
1.180000,2.767538
1.190000,2.753700
1.200000,2.739931
1.210000,2.726232
1.220000,2.712601
1.230000,2.699038
1.240000,2.685542
1.250000,2.672115
1.260000,2.658754
1.270000,2.645460
1.280000,2.632233
1.290000,2.619072
1.300000,2.605977
1.310000,2.592947
1.320000,2.579982
1.330000,2.567082
1.340000,2.554247
1.350000,2.541475
1.360000,2.528768
1.370000,2.516124
1.380000,2.503544
1.390000,2.491026
1.400000,2.478571
1.410000,2.466178
1.420000,2.453847
1.430000,2.441578
1.440000,2.429370
1.450000,2.417223
1.460000,2.405137
1.470000,2.393111
1.480000,2.381146
1.490000,2.369240
1.500000,2.357394
1.510000,2.345607
1.520000,2.333879
1.530000,2.322209
1.540000,2.310598
1.550000,2.299045
1.560000,2.287550
1.570000,2.276112
1.580000,2.264732
1.590000,2.253408
1.600000,2.242141
1.610000,2.230930
1.620000,2.219776
1.630000,2.208677
1.640000,2.197633
1.650000,2.186645
1.660000,2.175712
1.670000,2.164833
1.680000,2.154009
1.690000,2.143239
1.700000,2.132523
1.710000,2.121860
1.720000,2.111251
1.730000,2.100695
1.740000,2.090191
1.750000,2.079740
1.760000,2.069342
1.770000,2.058995
1.780000,2.048700
1.790000,2.038457
1.800000,2.028264
1.810000,2.018123
1.820000,2.008032
1.830000,1.997992
1.840000,1.988002
1.850000,1.978062
1.860000,1.968172
1.870000,1.958331
1.880000,1.948539
1.890000,1.938797
1.900000,1.929103
1.910000,1.919457
1.920000,1.909860
1.930000,1.900311
1.940000,1.890809
1.950000,1.881355
1.960000,1.871948
1.970000,1.862588
1.980000,1.853276
1.990000,1.844009
2.000000,1.834789
2.010000,1.825615
2.020000,1.816487
2.030000,1.807405
2.040000,1.798368
2.050000,1.789376
2.060000,1.780429
2.070000,1.771527
2.080000,1.762669
2.090000,1.753856
2.100000,1.745087
2.110000,1.736361
2.120000,1.727679
2.130000,1.719041
2.140000,1.710446
2.150000,1.701893
2.160000,1.693384
2.170000,1.684917
2.180000,1.676492
2.190000,1.668110
2.200000,1.659769
2.210000,1.651471
2.220000,1.643213
2.230000,1.634997
2.240000,1.626822
2.250000,1.618688
2.260000,1.610595
2.270000,1.602542
2.280000,1.594529
2.290000,1.586556
2.300000,1.578624
2.310000,1.570730
2.320000,1.562877
2.330000,1.555062
2.340000,1.547287
2.350000,1.539551
2.360000,1.531853
2.370000,1.524194
2.380000,1.516573
2.390000,1.508990
2.400000,1.501445
2.410000,1.493938
2.420000,1.486468
2.430000,1.479036
2.440000,1.471640
2.450000,1.464282
2.460000,1.456961
2.470000,1.449676
2.480000,1.442428
2.490000,1.435215
2.500000,1.428039
2.510000,1.420899
2.520000,1.413795
2.530000,1.406726
2.540000,1.399692
2.550000,1.392694
2.560000,1.385730
2.570000,1.378802
2.580000,1.371908
2.590000,1.365048
2.600000,1.358223
2.610000,1.351432
2.620000,1.344674
2.630000,1.337951
2.640000,1.331261
2.650000,1.324605
2.660000,1.317982
2.670000,1.311392
2.680000,1.304835
2.690000,1.298311
2.700000,1.291819
2.710000,1.285360
2.720000,1.278934
2.730000,1.272539
2.740000,1.266176
2.750000,1.259845
2.760000,1.253546
2.770000,1.247278
2.780000,1.241042
2.790000,1.234837
2.800000,1.228663
2.810000,1.222519
2.820000,1.216407
2.830000,1.210325
2.840000,1.204273
2.850000,1.198252
2.860000,1.192260
2.870000,1.186299
2.880000,1.180368
2.890000,1.174466
2.900000,1.168593
2.910000,1.162750
2.920000,1.156937
2.930000,1.151152
2.940000,1.145396
2.950000,1.139669
2.960000,1.133971
2.970000,1.128301
2.980000,1.122660
2.990000,1.117046
3.000000,1.111461
3.010000,1.105904
3.020000,1.100374
3.030000,1.094872
3.040000,1.089398
3.050000,1.083951
3.060000,1.078531
3.070000,1.073139
3.080000,1.067773
3.090000,1.062434
3.100000,1.057122
3.110000,1.051836
3.120000,1.046577
3.130000,1.041344
3.140000,1.036137
3.150000,1.030957
3.160000,1.025802
3.170000,1.020673
3.180000,1.015570
3.190000,1.010492
3.200000,1.005439
3.210000,1.000412
3.220000,0.995410
3.230000,0.990433
3.240000,0.985481
3.250000,0.980553
3.260000,0.975651
3.270000,0.970772
3.280000,0.965919
3.290000,0.961089
3.300000,0.956283
3.310000,0.951502
3.320000,0.946745
3.330000,0.942011
3.340000,0.937301
3.350000,0.932614
3.360000,0.927951
3.370000,0.923311
3.380000,0.918695
3.390000,0.914101
3.400000,0.909531
3.410000,0.904983
3.420000,0.900458
3.430000,0.895956
3.440000,0.891476
3.450000,0.887019
3.460000,0.882584
3.470000,0.878171
3.480000,0.873780
3.490000,0.869411
3.500000,0.865064
3.510000,0.860739
3.520000,0.856435
3.530000,0.852153
3.540000,0.847892
3.550000,0.843653
3.560000,0.839434
3.570000,0.835237
3.580000,0.831061
3.590000,0.826906
3.600000,0.822771
3.610000,0.818657
3.620000,0.814564
3.630000,0.810491
3.640000,0.806439
3.650000,0.802407
3.660000,0.798395
3.670000,0.794403
3.680000,0.790431
3.690000,0.786478
3.700000,0.782546
3.710000,0.778633
3.720000,0.774740
3.730000,0.770866
3.740000,0.767012
3.750000,0.763177
3.760000,0.759361
3.770000,0.755564
3.780000,0.751787
3.790000,0.748028
3.800000,0.744287
3.810000,0.740566
3.820000,0.736863
3.830000,0.733179
3.840000,0.729513
3.850000,0.725865
3.860000,0.722236
3.870000,0.718625
3.880000,0.715032
3.890000,0.711457
3.900000,0.707899
3.910000,0.704360
3.920000,0.700838
3.930000,0.697334
3.940000,0.693847
3.950000,0.690378
3.960000,0.686926
3.970000,0.683491
3.980000,0.680074
3.990000,0.676674
4.000000,0.673290
4.010000,0.669924
4.020000,0.666574
4.030000,0.663241
4.040000,0.659925
4.050000,0.656625
4.060000,0.653342
4.070000,0.650076
4.080000,0.646825
4.090000,0.643591
4.100000,0.640373
4.110000,0.637171
4.120000,0.633985
4.130000,0.630815
4.140000,0.627661
4.150000,0.624523
4.160000,0.621400
4.170000,0.618293
4.180000,0.615202
4.190000,0.612126
4.200000,0.609065
4.210000,0.606020
4.220000,0.602990
4.230000,0.599975
4.240000,0.596975
4.250000,0.593990
4.260000,0.591020
4.270000,0.588065
4.280000,0.585125
4.290000,0.582199
4.300000,0.579288
4.310000,0.576392
4.320000,0.573510
4.330000,0.570642
4.340000,0.567789
4.350000,0.564950
4.360000,0.562125
4.370000,0.559315
4.380000,0.556518
4.390000,0.553736
4.400000,0.550967
4.410000,0.548212
4.420000,0.545471
4.430000,0.542744
4.440000,0.540030
4.450000,0.537330
4.460000,0.534643
4.470000,0.531970
4.480000,0.529310
4.490000,0.526664
4.500000,0.524030
4.510000,0.521410
4.520000,0.518803
4.530000,0.516209
4.540000,0.513628
4.550000,0.511060
4.560000,0.508505
4.570000,0.505962
4.580000,0.503432
4.590000,0.500915
4.600000,0.498410
4.610000,0.495918
4.620000,0.493439
4.630000,0.490972
4.640000,0.488517
4.650000,0.486074
4.660000,0.483644
4.670000,0.481226
4.680000,0.478819
4.690000,0.476425
4.700000,0.474043
4.710000,0.471673
4.720000,0.469315
4.730000,0.466968
4.740000,0.464633
4.750000,0.462310
4.760000,0.459999
4.770000,0.457699
4.780000,0.455410
4.790000,0.453133
4.800000,0.450867
4.810000,0.448613
4.820000,0.446370
4.830000,0.444138
4.840000,0.441917
4.850000,0.439708
4.860000,0.437509
4.870000,0.435322
4.880000,0.433145
4.890000,0.430979
4.900000,0.428824
4.910000,0.426680
4.920000,0.424547
4.930000,0.422424
4.940000,0.420312
4.950000,0.418211
4.960000,0.416119
4.970000,0.414039
4.980000,0.411969
4.990000,0.409909
5.000000,0.407859
